(97.99874,0.11764706,0.0)
(97.99874,0.11764706,0.11764706)
(195.9976,0.11764706,0.23529412)
(97.99874,0.11764706,0.3529412)
(97.99874,0.11764706,0.47058824)
(195.9976,0.11764706,0.5882353)
(97.99874,0.11764706,0.7058824)
(97.99874,0.11764706,0.8235294)
(97.99874,0.11764706,0.9411765)
(184.99709,0.11764706,1.0588236)
(97.99874,0.11764706,1.1764706)
(164.81364,0.11764706,1.2941177)
(97.99874,0.11764706,1.4117647)
(97.99874,0.11764706,1.5294118)
(138.59119,0.11764706,1.6470588)
(97.99874,0.11764706,1.7647059)
(97.99874,0.11764706,1.882353)
(146.83224,0.11764706,2.0)
(164.81364,0.11764706,2.1176472)
(97.99874,0.11764706,2.2352943)
(97.99874,0.11764706,2.3529415)
(195.9976,0.11764706,2.4705887)
(97.99874,0.11764706,2.5882359)
(97.99874,0.11764706,2.705883)
(97.99874,0.11764706,2.8235302)
(184.99709,0.11764706,2.9411774)
(97.99874,0.11764706,3.0588245)
(233.08176,0.078431375,3.1764717)
(184.99709,0.078431375,3.254903)
(146.83224,0.078431375,3.3333344)
(261.62546,0.078431375,3.4117658)
(219.99988,0.078431375,3.4901972)
(146.83224,0.078431375,3.5686285)
(184.99709,0.078431375,3.64706)
(219.99988,0.078431375,3.7254913)
(261.62546,0.078431375,3.8039227)
(219.99988,0.078431375,3.882354)
(184.99709,0.078431375,3.9607854)
(146.83224,0.078431375,4.039217)
(97.99874,0.11764706,4.1176486)
(97.99874,0.11764706,4.235296)
(195.9976,0.11764706,4.352943)
(97.99874,0.11764706,4.47059)
(97.99874,0.11764706,4.5882373)
(97.99874,0.11764706,4.7058845)
(184.99709,0.11764706,4.8235316)
(97.99874,0.11764706,4.941179)
(164.81364,0.11764706,5.058826)
(97.99874,0.11764706,5.176473)
(97.99874,0.11764706,5.2941203)
(138.59119,0.11764706,5.4117675)
(97.99874,0.11764706,5.5294147)
(97.99874,0.11764706,5.647062)
(146.83224,0.11764706,5.764709)
(164.81364,0.11764706,5.882356)
(97.99874,0.11764706,6.0000033)
(97.99874,0.11764706,6.1176505)
(195.9976,0.11764706,6.2352977)
(97.99874,0.11764706,6.352945)
(97.99874,0.11764706,6.470592)
(97.99874,0.11764706,6.588239)
(184.99709,0.11764706,6.7058864)
(97.99874,0.11764706,6.8235335)
(164.81364,0.11764706,6.9411807)
(97.99874,0.11764706,7.058828)
(97.99874,0.11764706,7.176475)
(138.59119,0.5882353,7.294122)
(97.99874,0.11764706,7.8823576)
(97.99874,0.11764706,8.000005)
(195.9976,0.11764706,8.117652)
(97.99874,0.11764706,8.235299)
(97.99874,0.11764706,8.352946)
(97.99874,0.11764706,8.470593)
(184.99709,0.11764706,8.588241)
(97.99874,0.11764706,8.705888)
(164.81364,0.11764706,8.823535)
(97.99874,0.11764706,8.941182)
(97.99874,0.11764706,9.058829)
(138.59119,0.11764706,9.1764765)
(97.99874,0.11764706,9.294124)
(97.99874,0.11764706,9.411771)
(146.83224,0.11764706,9.529418)
(164.81364,0.11764706,9.647065)
(97.99874,0.11764706,9.764712)
(97.99874,0.11764706,9.8823595)
(195.9976,0.11764706,10.000007)
(97.99874,0.11764706,10.117654)
(97.99874,0.11764706,10.235301)
(97.99874,0.11764706,10.352948)
(184.99709,0.11764706,10.470595)
(97.99874,0.11764706,10.588243)
(130.81267,0.11764706,10.70589)
(130.81267,0.11764706,10.823537)
(261.62546,0.11764706,10.941184)
(130.81267,0.11764706,11.058831)
(130.81267,0.11764706,11.176478)
(246.94154,0.11764706,11.294126)
(130.81267,0.11764706,11.411773)
(130.81267,0.11764706,11.52942)
(219.99988,0.11764706,11.647067)
(130.81267,0.11764706,11.764714)
(130.81267,0.11764706,11.882361)
(97.99874,0.11764706,12.000009)
(130.81267,0.11764706,12.117656)
(130.81267,0.11764706,12.235303)
(195.9976,0.11764706,12.35295)
(219.99988,0.11764706,12.470597)
(130.81267,0.11764706,12.588244)
(130.81267,0.11764706,12.705892)
(261.62546,0.11764706,12.823539)
(130.81267,0.11764706,12.941186)
(130.81267,0.11764706,13.058833)
(246.94154,0.11764706,13.17648)
(130.81267,0.11764706,13.294127)
(130.81267,0.11764706,13.411775)
(219.99988,0.11764706,13.529422)
(130.81267,0.11764706,13.647069)
(130.81267,0.11764706,13.764716)
(97.99874,0.5882353,13.882363)
(130.81267,0.11764706,14.470598)
(130.81267,0.11764706,14.588245)
(261.62546,0.11764706,14.705893)
(130.81267,0.11764706,14.82354)
(130.81267,0.11764706,14.941187)
(246.94154,0.11764706,15.058834)
(130.81267,0.11764706,15.176481)
(130.81267,0.11764706,15.294128)
(219.99988,0.11764706,15.411776)
(130.81267,0.11764706,15.529423)
(130.81267,0.11764706,15.64707)
(97.99874,0.11764706,15.764717)
(130.81267,0.11764706,15.882364)
(130.81267,0.11764706,16.000011)
(195.9976,0.11764706,16.117659)
(219.99988,0.11764706,16.235306)
(130.81267,0.11764706,16.352953)
(130.81267,0.11764706,16.4706)
(261.62546,0.11764706,16.588247)
(130.81267,0.11764706,16.705894)
(130.81267,0.11764706,16.823542)
(246.94154,0.11764706,16.941189)
(130.81267,0.11764706,17.058836)
(130.81267,0.11764706,17.176483)
(97.99874,0.11764706,17.29413)
(97.99874,0.11764706,17.411777)
(174.61398,0.11764706,17.529425)
(174.61398,0.11764706,17.647072)
(349.22818,0.11764706,17.764719)
(174.61398,0.11764706,17.882366)
(174.61398,0.11764706,18.000013)
(293.66467,0.11764706,18.11766)
(174.61398,0.11764706,18.235308)
(174.61398,0.11764706,18.352955)
(261.62546,0.11764706,18.470602)
(174.61398,0.11764706,18.58825)
(174.61398,0.11764706,18.705896)
(246.94154,0.11764706,18.823544)
(174.61398,0.11764706,18.94119)
(174.61398,0.11764706,19.058838)
(261.62546,0.11764706,19.176485)
(261.62546,0.11764706,19.294132)
(146.83224,0.11764706,19.41178)
(146.83224,0.11764706,19.529427)
(293.66467,0.11764706,19.647074)
(146.83224,0.11764706,19.76472)
(146.83224,0.11764706,19.882368)
(261.62546,0.11764706,20.000015)
(146.83224,0.11764706,20.117662)
(146.83224,0.11764706,20.23531)
(246.94154,0.11764706,20.352957)
(130.81267,0.11764706,20.470604)
(130.81267,0.11764706,20.588251)
(219.99988,0.5882353,20.705898)
(97.99874,0.11764706,21.294134)
(97.99874,0.11764706,21.411781)
(195.9976,0.11764706,21.529428)
(97.99874,0.11764706,21.647076)
(97.99874,0.11764706,21.764723)
(97.99874,0.11764706,21.88237)
(184.99709,0.11764706,22.000017)
(97.99874,0.11764706,22.117664)
(164.81364,0.11764706,22.235312)
(97.99874,0.11764706,22.352959)
(97.99874,0.11764706,22.470606)
(138.59119,0.11764706,22.588253)
(97.99874,0.11764706,22.7059)
(97.99874,0.11764706,22.823547)
(146.83224,0.11764706,22.941195)
(164.81364,0.11764706,23.058842)
(97.99874,0.11764706,23.176489)
(97.99874,0.11764706,23.294136)
(195.9976,0.11764706,23.411783)
(97.99874,0.11764706,23.52943)
(97.99874,0.11764706,23.647078)
(97.99874,0.11764706,23.764725)
(184.99709,0.11764706,23.882372)
(97.99874,0.11764706,24.00002)
(97.99874,0.11764706,24.117666)
(97.99874,0.11764706,24.235313)
(195.9976,0.11764706,24.35296)
(97.99874,0.11764706,24.470608)
(97.99874,0.11764706,24.588255)
(97.99874,0.11764706,24.705902)
(184.99709,0.11764706,24.82355)
(97.99874,0.11764706,24.941196)
(164.81364,0.11764706,25.058844)
(97.99874,0.11764706,25.17649)
(97.99874,0.11764706,25.294138)
(138.59119,0.11764706,25.411785)
(97.99874,0.11764706,25.529432)
(97.99874,0.11764706,25.64708)
(146.83224,0.11764706,25.764727)
(164.81364,0.11764706,25.882374)
(97.99874,0.11764706,26.000021)
(97.99874,0.11764706,26.117668)
(195.9976,0.11764706,26.235315)
(97.99874,0.11764706,26.352962)
(97.99874,0.11764706,26.47061)
(97.99874,0.11764706,26.588257)
(184.99709,0.11764706,26.705904)
(97.99874,0.11764706,26.823551)
(164.81364,0.11764706,26.941198)
(97.99874,0.11764706,27.058846)
(97.99874,0.11764706,27.176493)
(138.59119,0.5882353,27.29414)
(97.99874,0.11764706,27.882376)
(97.99874,0.11764706,28.000023)
(195.9976,0.11764706,28.11767)
(97.99874,0.11764706,28.235317)
(97.99874,0.11764706,28.352964)
(97.99874,0.11764706,28.470612)
(184.99709,0.11764706,28.588259)
(97.99874,0.11764706,28.705906)
(164.81364,0.11764706,28.823553)
(97.99874,0.11764706,28.9412)
(97.99874,0.11764706,29.058847)
(138.59119,0.11764706,29.176495)
(97.99874,0.11764706,29.294142)
(97.99874,0.11764706,29.411789)
(146.83224,0.11764706,29.529436)
(164.81364,0.11764706,29.647083)
(97.99874,0.11764706,29.76473)
(97.99874,0.11764706,29.882378)
(195.9976,0.11764706,30.000025)
(97.99874,0.11764706,30.117672)
(97.99874,0.11764706,30.23532)
(97.99874,0.11764706,30.352966)
(184.99709,0.11764706,30.470613)
(97.99874,0.11764706,30.58826)
(97.99874,0.11764706,30.705908)
(97.99874,0.11764706,30.823555)
(195.9976,0.11764706,30.941202)
(97.99874,0.11764706,31.05885)
(97.99874,0.11764706,31.176497)
(97.99874,0.11764706,31.294144)
(184.99709,0.11764706,31.41179)
(97.99874,0.11764706,31.529438)
(164.81364,0.11764706,31.647085)
(97.99874,0.11764706,31.764732)
(97.99874,0.11764706,31.88238)
(138.59119,0.11764706,32.000027)
(97.99874,0.11764706,32.117672)
(97.99874,0.11764706,32.235317)
(146.83224,0.11764706,32.352962)
(164.81364,0.11764706,32.470608)
(97.99874,0.11764706,32.588253)
(97.99874,0.11764706,32.7059)
(195.9976,0.11764706,32.823544)
(97.99874,0.11764706,32.94119)
(97.99874,0.11764706,33.058834)
(97.99874,0.11764706,33.17648)
(184.99709,0.11764706,33.294125)
(97.99874,0.11764706,33.41177)
(164.81364,0.11764706,33.529415)
(97.99874,0.11764706,33.64706)
(97.99874,0.11764706,33.764706)
(138.59119,0.5882353,33.88235)
(97.99874,0.11764706,34.470585)
(97.99874,0.11764706,34.58823)
(195.9976,0.11764706,34.705875)
(97.99874,0.11764706,34.82352)
(97.99874,0.11764706,34.941166)
(97.99874,0.11764706,35.05881)
(184.99709,0.11764706,35.176456)
(97.99874,0.11764706,35.2941)
(164.81364,0.11764706,35.411747)
(97.99874,0.11764706,35.529392)
(97.99874,0.11764706,35.647038)
(138.59119,0.11764706,35.764683)
(97.99874,0.11764706,35.882328)
(97.99874,0.11764706,35.999973)
(146.83224,0.11764706,36.11762)
(164.81364,0.11764706,36.235264)
(97.99874,0.11764706,36.35291)
(97.99874,0.11764706,36.470554)
(195.9976,0.11764706,36.5882)
(97.99874,0.11764706,36.705845)
(97.99874,0.11764706,36.82349)
(97.99874,0.11764706,36.941135)
(184.99709,0.11764706,37.05878)
(97.99874,0.11764706,37.176426)
(130.81267,0.11764706,37.29407)
(130.81267,0.11764706,37.411716)
(261.62546,0.11764706,37.52936)
(130.81267,0.11764706,37.647007)
(130.81267,0.11764706,37.764652)
(246.94154,0.11764706,37.882298)
(130.81267,0.11764706,37.999943)
(130.81267,0.11764706,38.117588)
(219.99988,0.11764706,38.235233)
(130.81267,0.11764706,38.35288)
(130.81267,0.11764706,38.470524)
(97.99874,0.11764706,38.58817)
(130.81267,0.11764706,38.705814)
(130.81267,0.11764706,38.82346)
(195.9976,0.11764706,38.941105)
(219.99988,0.11764706,39.05875)
(130.81267,0.11764706,39.176395)
(130.81267,0.11764706,39.29404)
(261.62546,0.11764706,39.411686)
(130.81267,0.11764706,39.52933)
(130.81267,0.11764706,39.646976)
(246.94154,0.11764706,39.76462)
(130.81267,0.11764706,39.882267)
(130.81267,0.11764706,39.999912)
(219.99988,0.11764706,40.117558)
(130.81267,0.11764706,40.235203)
(130.81267,0.11764706,40.352848)
(97.99874,0.5882353,40.470493)
(130.81267,0.11764706,41.058727)
(130.81267,0.11764706,41.176373)
(261.62546,0.11764706,41.294018)
(130.81267,0.11764706,41.411663)
(130.81267,0.11764706,41.52931)
(246.94154,0.11764706,41.646954)
(130.81267,0.11764706,41.7646)
(130.81267,0.11764706,41.882244)
(219.99988,0.11764706,41.99989)
(130.81267,0.11764706,42.117535)
(130.81267,0.11764706,42.23518)
(97.99874,0.11764706,42.352825)
(130.81267,0.11764706,42.47047)
(130.81267,0.11764706,42.588116)
(195.9976,0.11764706,42.70576)
(219.99988,0.11764706,42.823406)
(130.81267,0.11764706,42.94105)
(130.81267,0.11764706,43.058697)
(261.62546,0.11764706,43.176342)
(130.81267,0.11764706,43.293987)
(130.81267,0.11764706,43.411633)
(246.94154,0.11764706,43.529278)
(130.81267,0.11764706,43.646923)
(130.81267,0.11764706,43.76457)
(97.99874,0.11764706,43.882214)
(97.99874,0.11764706,43.99986)
(174.61398,0.11764706,44.117504)
(174.61398,0.11764706,44.23515)
(349.22818,0.11764706,44.352795)
(174.61398,0.11764706,44.47044)
(174.61398,0.11764706,44.588085)
(293.66467,0.11764706,44.70573)
(174.61398,0.11764706,44.823376)
(174.61398,0.11764706,44.94102)
(261.62546,0.11764706,45.058666)
(174.61398,0.11764706,45.17631)
(174.61398,0.11764706,45.293957)
(246.94154,0.11764706,45.411602)
(174.61398,0.11764706,45.529247)
(174.61398,0.11764706,45.646893)
(261.62546,0.11764706,45.764538)
(261.62546,0.11764706,45.882183)
(146.83224,0.11764706,45.99983)
(146.83224,0.11764706,46.117474)
(293.66467,0.11764706,46.23512)
(146.83224,0.11764706,46.352764)
(146.83224,0.11764706,46.47041)
(261.62546,0.11764706,46.588055)
(146.83224,0.11764706,46.7057)
(146.83224,0.11764706,46.823345)
(246.94154,0.11764706,46.94099)
(130.81267,0.11764706,47.058636)
(130.81267,0.11764706,47.17628)
(219.99988,0.5882353,47.293926)
(97.99874,0.11764706,47.88216)
(97.99874,0.11764706,47.999805)
(195.9976,0.11764706,48.11745)
(97.99874,0.11764706,48.235096)
(97.99874,0.11764706,48.35274)
(97.99874,0.11764706,48.470387)
(184.99709,0.11764706,48.58803)
(97.99874,0.11764706,48.705677)
(164.81364,0.11764706,48.823322)
(97.99874,0.11764706,48.940968)
(97.99874,0.11764706,49.058613)
(138.59119,0.11764706,49.176258)
(97.99874,0.11764706,49.293903)
(97.99874,0.11764706,49.41155)
(146.83224,0.11764706,49.529194)
(164.81364,0.11764706,49.64684)
(97.99874,0.11764706,49.764484)
(97.99874,0.11764706,49.88213)
(195.9976,0.11764706,49.999775)
(97.99874,0.11764706,50.11742)
(97.99874,0.11764706,50.235065)
(97.99874,0.11764706,50.35271)
(184.99709,0.11764706,50.470356)
(97.99874,0.11764706,50.588)

